A:

    0.349    0.0073     0.558     0.422 
    0.438     0.382     0.189     0.264 
    0.815     0.881     0.204     0.513 
    0.398    0.0874     0.563      0.87 
   0.0932     0.499     0.147     0.193 
    0.626     0.995     0.902     0.532 

Q:

    0.282    -0.492     0.363    -0.346 
    0.353    -0.099    -0.231    -0.168 
    0.657    0.0506    -0.626    0.0559 
    0.321    -0.451     0.317      0.72 
   0.0752     0.559     0.114     0.494 
    0.505      0.48     0.555    -0.293 

R:

     1.24      1.28      1.01      1.11 
        0     0.721   -0.0209    -0.236 
        0         0     0.727     0.365 
        0         0         0     0.405 

R upper triangular? yes
Q^T Q:

        1 -8.33e-17  2.22e-16  5.83e-16 
-8.33e-17         1  5.55e-17 -5.55e-17 
 2.22e-16  5.55e-17         1  8.33e-17 
 5.83e-16 -5.55e-17  8.33e-17         1 

Q^T Q approx I? yes
A:

    0.349    0.0073     0.558     0.422 
    0.438     0.382     0.189     0.264 
    0.815     0.881     0.204     0.513 
    0.398    0.0874     0.563      0.87 
   0.0932     0.499     0.147     0.193 
    0.626     0.995     0.902     0.532 

Q*R:

    0.349    0.0073     0.558     0.422 
    0.438     0.382     0.189     0.264 
    0.815     0.881     0.204     0.513 
    0.398    0.0874     0.563      0.87 
   0.0932     0.499     0.147     0.193 
    0.626     0.995     0.902     0.532 

Q*R approx A? yes
Ax:
    0.912     0.432      0.96     0.782     0.625 
b:
    0.912     0.432      0.96     0.782     0.625 
Ax ~= b? yes
det(A) = 0.0617041
AB:

        1 -9.41e-14  2.13e-14 -1.24e-14         0 
-5.68e-14         1  2.84e-14 -1.78e-15  5.68e-14 
-1.14e-13  6.39e-14         1  7.11e-15         0 
-1.14e-13         0         0         1  8.53e-14 
-1.63e-13  2.31e-14  7.82e-14 -7.11e-15         1 

AB approx I? yes
