A:

    0.299      0.26    0.0726     0.347 
    0.558     0.897     0.394     0.282 
      0.9     0.337     0.572     0.664 
    0.433      0.41     0.469     0.819 
    0.469     0.443     0.644     0.568 
    0.429     0.714  0.000443     0.348 

Q:

    0.223  -0.00123    -0.285     0.321 
    0.416     0.588     0.109    -0.503 
     0.67    -0.643    -0.232    -0.232 
    0.323    0.0458     0.352     0.728 
    0.349    0.0477     0.663   -0.0527 
    0.319     0.487    -0.538      0.24 

R:

     1.34      1.17      0.94      1.21 
        0     0.698   -0.0832    -0.028 
        0         0     0.482     0.256 
        0         0         0     0.465 

R upper triangular? yes
Q^T Q:

        1  1.94e-16  6.38e-16  2.08e-16 
 1.94e-16         1         0  2.78e-17 
 6.38e-16         0         1 -8.33e-17 
 2.08e-16  2.78e-17 -8.33e-17         1 

Q^T Q approx I? yes
A:

    0.299      0.26    0.0726     0.347 
    0.558     0.897     0.394     0.282 
      0.9     0.337     0.572     0.664 
    0.433      0.41     0.469     0.819 
    0.469     0.443     0.644     0.568 
    0.429     0.714  0.000443     0.348 

Q*R:

    0.299      0.26    0.0726     0.347 
    0.558     0.897     0.394     0.282 
      0.9     0.337     0.572     0.664 
    0.433      0.41     0.469     0.819 
    0.469     0.443     0.644     0.568 
    0.429     0.714  0.000443     0.348 

Q*R approx A? yes
Ax:
    0.742     0.899     0.555     0.561     0.467 
b:
    0.742     0.899     0.555     0.561     0.467 
Ax ~= b? yes
det(A) = 0.0078901
AB:

        1         0  2.22e-16  3.33e-16  2.22e-16 
 2.08e-16         1 -1.11e-16         0  2.22e-16 
 2.13e-16 -5.55e-17         1  2.22e-16 -1.11e-16 
 1.67e-16         0 -2.22e-16         1         0 
-1.08e-16  1.11e-16 -2.22e-16 -3.33e-16         1 

AB approx I? yes
