A:

    0.323     0.405     0.235     0.152 
    0.852    0.0639     0.323     0.903 
    0.409      0.69     0.256     0.913 
    0.917    0.0891     0.915     0.756 
    0.264     0.513     0.243     0.937 
   0.0895     0.557    0.0277    0.0192 

Q:

    0.233     0.289    0.0202    -0.506 
    0.616     -0.27    -0.724    0.0469 
    0.295     0.549    -0.077      0.25 
    0.663     -0.27     0.664    -0.109 
    0.191     0.424     0.149     0.634 
   0.0647     0.538   -0.0802    -0.515 

R:

     1.38      0.53     0.983      1.54 
        0     0.971  -0.00821     0.505 
        0         0     0.393   -0.0799 
        0         0         0     0.696 

R upper triangular? yes
Q^T Q:

        1 -1.46e-16 -4.21e-16 -4.86e-16 
-1.46e-16         1  2.78e-17 -1.11e-16 
-4.21e-16  2.78e-17         1 -2.08e-17 
-4.86e-16 -1.11e-16 -2.08e-17         1 

Q^T Q approx I? yes
A:

    0.323     0.405     0.235     0.152 
    0.852    0.0639     0.323     0.903 
    0.409      0.69     0.256     0.913 
    0.917    0.0891     0.915     0.756 
    0.264     0.513     0.243     0.937 
   0.0895     0.557    0.0277    0.0192 

Q*R:

    0.323     0.405     0.235     0.152 
    0.852    0.0639     0.323     0.903 
    0.409      0.69     0.256     0.913 
    0.917    0.0891     0.915     0.756 
    0.264     0.513     0.243     0.937 
   0.0895     0.557    0.0277    0.0192 

Q*R approx A? yes
Ax:
    0.553     0.349     0.721     0.309     0.286 
b:
    0.553     0.349     0.721     0.309     0.286 
Ax ~= b? yes
det(A) = 0.0620354
AB:

        1 -8.88e-16         0 -2.66e-15 -5.27e-16 
-8.88e-16         1  4.44e-16  1.33e-15  2.78e-16 
 2.22e-16  8.88e-16         1  4.44e-16 -5.27e-16 
 1.11e-16  2.78e-16  1.89e-15         1  7.08e-16 
-1.22e-15  1.89e-15 -4.44e-16 -7.77e-16         1 

AB approx I? yes
