A:

    0.612     0.803     0.165      0.92 
    0.556     0.397     0.562    0.0277 
    0.854      0.93     0.826     0.577 
    0.753     0.508     0.572     0.384 
    0.341     0.186     0.833      0.62 
    0.923     0.329    0.0431     0.926 

Q:

    0.356     0.573    -0.416     0.416 
    0.324   -0.0494     0.249    -0.525 
    0.497     0.473     0.182    -0.181 
    0.439    -0.117     0.139    -0.278 
    0.199    -0.127     0.729     0.633 
    0.538    -0.645    -0.425     0.202 

R:

     1.72      1.31      1.09      1.41 
        0     0.584     0.257    0.0782 
        0         0      0.89    -0.159 
        0         0         0     0.736 

R upper triangular? yes
Q^T Q:

        1  2.78e-16 -2.22e-16 -9.71e-17 
 2.78e-16         1 -5.55e-17         0 
-2.22e-16 -5.55e-17         1  4.16e-17 
-9.71e-17         0  4.16e-17         1 

Q^T Q approx I? yes
A:

    0.612     0.803     0.165      0.92 
    0.556     0.397     0.562    0.0277 
    0.854      0.93     0.826     0.577 
    0.753     0.508     0.572     0.384 
    0.341     0.186     0.833      0.62 
    0.923     0.329    0.0431     0.926 

Q*R:

    0.612     0.803     0.165      0.92 
    0.556     0.397     0.562    0.0277 
    0.854      0.93     0.826     0.577 
    0.753     0.508     0.572     0.384 
    0.341     0.186     0.833      0.62 
    0.923     0.329    0.0431     0.926 

Q*R approx A? yes
Ax:
    0.382     0.852     0.776     0.766     0.471 
b:
    0.382     0.852     0.776     0.766     0.471 
Ax ~= b? yes
det(A) = 0.125653
AB:

        1  2.22e-16  1.11e-16 -1.25e-16         0 
-2.22e-16         1  6.66e-16 -1.11e-16  2.22e-16 
        0  1.11e-16         1         0 -2.22e-16 
        0  2.22e-16  2.22e-16         1 -1.11e-16 
        0  1.11e-16         0  -1.8e-16         1 

AB approx I? yes
