A:

     0.52     0.803     0.381     0.592 
    0.374     0.117     0.524    0.0848 
    0.459     0.324     0.266     0.108 
    0.323    0.0902     0.172     0.189 
    0.784     0.376     0.765     0.234 
    0.926    0.0575     0.591    0.0499 

Q:

    0.351     0.828    -0.144     0.228 
    0.252   -0.0746     0.706    0.0762 
     0.31     0.171    -0.296    -0.668 
    0.218   -0.0796    -0.236     0.696 
    0.529    0.0344     0.455    -0.104 
    0.624    -0.522    -0.361    0.0185 

R:

     1.48     0.666      1.16     0.459 
        0     0.687    0.0265     0.469 
        0         0     0.331   -0.0134 
        0         0         0     0.177 

R upper triangular? yes
Q^T Q:

        1  3.33e-16  9.71e-16  3.59e-16 
 3.33e-16         1         0   5.5e-16 
 9.71e-16         0         1 -4.51e-17 
 3.59e-16   5.5e-16 -4.51e-17         1 

Q^T Q approx I? yes
A:

     0.52     0.803     0.381     0.592 
    0.374     0.117     0.524    0.0848 
    0.459     0.324     0.266     0.108 
    0.323    0.0902     0.172     0.189 
    0.784     0.376     0.765     0.234 
    0.926    0.0575     0.591    0.0499 

Q*R:

     0.52     0.803     0.381     0.592 
    0.374     0.117     0.524    0.0848 
    0.459     0.324     0.266     0.108 
    0.323    0.0902     0.172     0.189 
    0.784     0.376     0.765     0.234 
    0.926    0.0575     0.591    0.0499 

Q*R approx A? yes
Ax:
    0.864     0.986     0.847    0.0531     0.221 
b:
    0.864     0.986     0.847    0.0531     0.221 
Ax ~= b? yes
det(A) = 0.144084
AB:

        1   2.5e-16  4.44e-16  -2.5e-16 -4.44e-16 
 2.78e-16         1  5.55e-16  1.21e-16 -2.22e-16 
 7.98e-16  1.56e-16         1  8.77e-16 -5.55e-17 
-3.05e-16  2.08e-16  7.77e-16         1 -2.22e-16 
-7.22e-16 -3.05e-16 -1.11e-16 -7.81e-16         1 

AB approx I? yes
