A:

    0.298     0.152    0.0217     0.849 
   0.0277     0.529    0.0733     0.533 
    0.986     0.679     0.637     0.494 
    0.211     0.908     0.344     0.473 
        1     0.371     0.621     0.579 
    0.764       0.2     0.872    0.0743 

Q:

    0.181  -0.00778    -0.467     0.756 
   0.0169     0.516   -0.0211     0.325 
    0.601      0.15    -0.266    -0.476 
    0.129     0.799     0.216   -0.0302 
    0.609    -0.167    -0.239   0.00476 
    0.466    -0.212     0.779      0.31 

R:

     1.64     0.881      1.22     0.909 
        0     0.995     0.119     0.608 
        0         0     0.424    -0.518 
        0         0         0     0.591 

R upper triangular? yes
Q^T Q:

        1  4.16e-17  1.11e-16 -1.39e-16 
 4.16e-17         1         0 -6.94e-17 
 1.11e-16         0         1 -5.55e-17 
-1.39e-16 -6.94e-17 -5.55e-17         1 

Q^T Q approx I? yes
A:

    0.298     0.152    0.0217     0.849 
   0.0277     0.529    0.0733     0.533 
    0.986     0.679     0.637     0.494 
    0.211     0.908     0.344     0.473 
        1     0.371     0.621     0.579 
    0.764       0.2     0.872    0.0743 

Q*R:

    0.298     0.152    0.0217     0.849 
   0.0277     0.529    0.0733     0.533 
    0.986     0.679     0.637     0.494 
    0.211     0.908     0.344     0.473 
        1     0.371     0.621     0.579 
    0.764       0.2     0.872    0.0743 

Q*R approx A? yes
Ax:
     0.48     0.472      0.42     0.953    0.0513 
b:
     0.48     0.472      0.42     0.953    0.0513 
Ax ~= b? yes
det(A) = 0.0478411
AB:

        1 -4.44e-16 -4.44e-16  1.78e-15 -8.88e-16 
-5.55e-16         1  2.22e-16  1.55e-15 -4.44e-16 
-6.66e-16 -5.55e-17         1 -1.33e-15 -4.44e-16 
 2.22e-16  4.44e-16         0         1 -8.88e-16 
-6.66e-16 -4.72e-16 -1.11e-15  1.11e-15         1 

AB approx I? yes
