A:

    0.119     0.686     0.856     0.408 
   0.0214     0.742    0.0403      0.28 
    0.221     0.641     0.977     0.156 
    0.329     0.499     0.797     0.916 
    0.698    0.0989     0.909     0.498 
    0.896    0.0919     0.846    0.0723 

Q:

   0.0986     0.525     0.357   -0.0831 
   0.0177     0.601    -0.764  -0.00411 
    0.183     0.457     0.422    -0.482 
    0.272     0.307     0.129     0.751 
    0.578    -0.136     0.126     0.268 
    0.741    -0.203    -0.279    -0.354 

R:

     1.21     0.459      1.63     0.664 
        0      1.22     0.869     0.653 
        0         0     0.669     0.159 
        0         0         0     0.686 

R upper triangular? yes
Q^T Q:

        1 -5.55e-17 -1.11e-16 -1.11e-16 
-5.55e-17         1  4.02e-16  1.67e-16 
-1.11e-16  4.02e-16         1 -4.16e-17 
-1.11e-16  1.67e-16 -4.16e-17         1 

Q^T Q approx I? yes
A:

    0.119     0.686     0.856     0.408 
   0.0214     0.742    0.0403      0.28 
    0.221     0.641     0.977     0.156 
    0.329     0.499     0.797     0.916 
    0.698    0.0989     0.909     0.498 
    0.896    0.0919     0.846    0.0723 

Q*R:

    0.119     0.686     0.856     0.408 
   0.0214     0.742    0.0403      0.28 
    0.221     0.641     0.977     0.156 
    0.329     0.499     0.797     0.916 
    0.698    0.0989     0.909     0.498 
    0.896    0.0919     0.846    0.0723 

Q*R approx A? yes
Ax:
   0.0904     0.566     0.719   0.00658     0.064 
b:
   0.0904     0.566     0.719   0.00658     0.064 
Ax ~= b? yes
det(A) = 0.0879566
AB:

        1 -8.33e-16 -9.99e-16  5.55e-16  1.72e-15 
-2.67e-16         1 -3.47e-16  6.25e-17  1.29e-15 
-6.11e-16 -4.44e-16         1  2.22e-16  8.88e-16 
 6.66e-16  4.44e-16 -1.11e-16         1         0 
 5.27e-16 -2.22e-16  1.11e-16         0         1 

AB approx I? yes
