A:

    0.268    0.0232      0.44     0.701 
    0.848     0.997     0.602   0.00251 
     0.22     0.806     0.247     0.208 
     0.15      0.57     0.598     0.245 
    0.388     0.659     0.615     0.209 
    0.263     0.866     0.538     0.757 

Q:

    0.258    -0.419     0.569     0.539 
    0.815    -0.288    -0.372    -0.156 
    0.212     0.541    -0.338     0.189 
    0.144     0.391     0.557    -0.478 
    0.373    0.0968     0.313    -0.333 
    0.253     0.536     0.123     0.557 

R:

     1.04      1.54      1.11     0.532 
        0     0.889     0.358      0.34 
        0         0     0.535     0.623 
        0         0         0     0.652 

R upper triangular? yes
Q^T Q:

        1 -5.83e-16 -2.29e-16  3.61e-16 
-5.83e-16         1 -2.08e-16  2.22e-16 
-2.29e-16 -2.08e-16         1  1.53e-16 
 3.61e-16  2.22e-16  1.53e-16         1 

Q^T Q approx I? yes
A:

    0.268    0.0232      0.44     0.701 
    0.848     0.997     0.602   0.00251 
     0.22     0.806     0.247     0.208 
     0.15      0.57     0.598     0.245 
    0.388     0.659     0.615     0.209 
    0.263     0.866     0.538     0.757 

Q*R:

    0.268    0.0232      0.44     0.701 
    0.848     0.997     0.602   0.00251 
     0.22     0.806     0.247     0.208 
     0.15      0.57     0.598     0.245 
    0.388     0.659     0.615     0.209 
    0.263     0.866     0.538     0.757 

Q*R approx A? yes
Ax:
     0.57     0.976      0.12     0.815     0.185 
b:
     0.57     0.976      0.12     0.815     0.185 
Ax ~= b? yes
det(A) = 0.175454
AB:

        1  2.22e-16  1.78e-15         0  1.78e-15 
-8.88e-16         1  8.88e-16         0  1.78e-15 
        0 -8.88e-16         1 -1.78e-15  1.78e-15 
-8.88e-16 -4.44e-16 -8.88e-16         1         0 
 8.88e-16  6.66e-16  8.88e-16 -8.88e-16         1 

AB approx I? yes
