A:

    0.573     0.611     0.807     0.234 
    0.108     0.945     0.866  0.000633 
    0.531     0.746    0.0935       0.9 
    0.856     0.734      0.45     0.149 
   0.0176      0.59     0.311     0.659 
    0.627     0.642     0.882     0.188 

Q:

    0.433  -0.00784     0.415      0.31 
   0.0817     0.797     0.228    -0.497 
    0.402     0.166    -0.683     0.274 
    0.648    -0.184     -0.23    -0.524 
   0.0133      0.55    -0.164     0.483 
    0.474   -0.0345     0.479     0.272 

R:

     1.32      1.43      1.17     0.657 
        0      1.04     0.757     0.477 
        0         0     0.736    -0.571 
        0         0         0      0.61 

R upper triangular? yes
Q^T Q:

        1  2.84e-16 -1.94e-16 -3.61e-16 
 2.84e-16         1  9.02e-17  1.91e-17 
-1.94e-16  9.02e-17         1 -5.55e-17 
-3.61e-16  1.91e-17 -5.55e-17         1 

Q^T Q approx I? yes
A:

    0.573     0.611     0.807     0.234 
    0.108     0.945     0.866  0.000633 
    0.531     0.746    0.0935       0.9 
    0.856     0.734      0.45     0.149 
   0.0176      0.59     0.311     0.659 
    0.627     0.642     0.882     0.188 

Q*R:

    0.573     0.611     0.807     0.234 
    0.108     0.945     0.866  0.000633 
    0.531     0.746    0.0935       0.9 
    0.856     0.734      0.45     0.149 
   0.0176      0.59     0.311     0.659 
    0.627     0.642     0.882     0.188 

Q*R approx A? yes
Ax:
    0.591     0.322     0.933      0.74     0.981 
b:
    0.591     0.322     0.933      0.74     0.981 
Ax ~= b? yes
det(A) = 0.0145793
AB:

        1 -6.66e-16         0  6.66e-16  6.66e-16 
-8.88e-16         1 -1.78e-15         0         0 
        0  1.33e-15         1 -1.78e-15 -2.22e-16 
 8.88e-16 -8.88e-16         0         1         0 
 6.66e-16 -5.55e-17 -4.44e-16 -3.33e-16         1 

AB approx I? yes
