A:

    0.523     0.778     0.676    0.0242 
    0.286     0.576     0.737     0.311 
   0.0924     0.229     0.406     0.088 
    0.648     0.719     0.916     0.244 
    0.122     0.621     0.648     0.362 
    0.515     0.226     0.225     0.737 

Q:

    0.507     0.237    -0.646    -0.381 
    0.277     0.349     0.342     0.165 
   0.0897     0.175     0.526   -0.0399 
    0.628   -0.0621     0.401    -0.367 
    0.118     0.695    -0.129     0.532 
      0.5    -0.552    -0.102     0.639 

R:

     1.03      1.21      1.35     0.671 
        0     0.687     0.758   -0.0406 
        0         0     0.289     0.113 
        0         0         0     0.612 

R upper triangular? yes
Q^T Q:

        1 -3.33e-16  2.08e-17 -5.55e-17 
-3.33e-16         1  1.39e-16         0 
 2.08e-17  1.39e-16         1  1.11e-16 
-5.55e-17         0  1.11e-16         1 

Q^T Q approx I? yes
A:

    0.523     0.778     0.676    0.0242 
    0.286     0.576     0.737     0.311 
   0.0924     0.229     0.406     0.088 
    0.648     0.719     0.916     0.244 
    0.122     0.621     0.648     0.362 
    0.515     0.226     0.225     0.737 

Q*R:

    0.523     0.778     0.676    0.0242 
    0.286     0.576     0.737     0.311 
   0.0924     0.229     0.406     0.088 
    0.648     0.719     0.916     0.244 
    0.122     0.621     0.648     0.362 
    0.515     0.226     0.225     0.737 

Q*R approx A? yes
Ax:
    0.909    0.0784     0.613     0.153     0.441 
b:
    0.909    0.0784     0.613     0.153     0.441 
Ax ~= b? yes
det(A) = 0.114368
AB:

        1  1.67e-16  8.33e-17 -1.94e-16  2.22e-16 
-1.11e-16         1  1.11e-16  4.16e-17 -1.39e-16 
-2.78e-17 -9.71e-17         1  4.16e-17  1.39e-17 
 -1.8e-16 -1.25e-16 -2.03e-16         1 -5.55e-17 
        0         0  5.55e-17         0         1 

AB approx I? yes
