A:

    0.334     0.663     0.331      0.97 
    0.187     0.355     0.544     0.687 
    0.502     0.364    0.0939      0.73 
     0.94    0.0494     0.807     0.687 
    0.636     0.888    0.0299     0.829 
     0.35    0.0695     0.467     0.779 

Q:

    0.248     0.508     0.322     0.128 
    0.139     0.266     0.713    -0.196 
    0.373    0.0626     -0.34     0.538 
    0.699    -0.581    0.0937    -0.362 
    0.473     0.552    -0.416     -0.27 
     0.26     -0.16     0.302     0.672 

R:

     1.35     0.822     0.893      1.68 
        0     0.905    -0.208     0.656 
        0         0     0.667      0.51 
        0         0         0     0.433 

R upper triangular? yes
Q^T Q:

        1  3.54e-16  5.13e-16  2.78e-17 
 3.54e-16         1  2.78e-17  -2.5e-16 
 5.13e-16  2.78e-17         1 -8.33e-17 
 2.78e-17  -2.5e-16 -8.33e-17         1 

Q^T Q approx I? yes
A:

    0.334     0.663     0.331      0.97 
    0.187     0.355     0.544     0.687 
    0.502     0.364    0.0939      0.73 
     0.94    0.0494     0.807     0.687 
    0.636     0.888    0.0299     0.829 
     0.35    0.0695     0.467     0.779 

Q*R:

    0.334     0.663     0.331      0.97 
    0.187     0.355     0.544     0.687 
    0.502     0.364    0.0939      0.73 
     0.94    0.0494     0.807     0.687 
    0.636     0.888    0.0299     0.829 
     0.35    0.0695     0.467     0.779 

Q*R approx A? yes
Ax:
    0.175     0.439      0.29     0.862     0.268 
b:
    0.175     0.439      0.29     0.862     0.268 
Ax ~= b? yes
det(A) = 0.0428524
AB:

        1  2.36e-16  7.77e-16 -6.66e-16         0 
-2.78e-17         1  4.44e-16         0 -2.22e-16 
 1.11e-16 -8.33e-17         1         0 -3.33e-16 
-1.94e-16  1.94e-16  4.44e-16         1  3.33e-16 
-1.53e-16 -7.63e-17  1.11e-16  3.33e-16         1 

AB approx I? yes
