A:
    -1.97    -0.911     0.289   -0.0909     -1.14 
   -0.911     0.696      -1.8      1.58     -1.67 
    0.289      -1.8      1.56      1.75      1.44 
  -0.0909      1.58      1.75   -0.0932     -0.54 
    -1.14     -1.67      1.44     -0.54      1.39 

V:
    0.663    -0.547      0.51   0.00822   0.00251 
     0.55     0.224    -0.477     0.343     -0.55 
    0.234     0.482     0.201     0.556     0.602 
   -0.369    -0.565    -0.138     0.724   -0.0272 
    0.259    -0.314    -0.672    -0.219     0.578 

D:
    -3.02         0         0         0         0 
        0      -2.6         0         0         0 
        0         0     0.529         0         0 
        0         0         0      2.16         0 
        0         0         0         0      4.51 

V^TAV:
    -3.02  4.44e-16 -1.91e-11 -2.36e-12 -1.27e-13 
    5e-16      -2.6 -7.69e-11  1.94e-16 -2.22e-16 
-1.91e-11 -7.69e-11     0.529 -3.61e-16  9.43e-11 
-2.36e-12  1.94e-16 -2.22e-16      2.16  1.67e-10 
-1.27e-13 -3.33e-16  9.43e-11  1.67e-10      4.51 

V^TAV approx D? yes

A:
    -1.97    -0.911     0.289   -0.0909     -1.14 
   -0.911     0.696      -1.8      1.58     -1.67 
    0.289      -1.8      1.56      1.75      1.44 
  -0.0909      1.58      1.75   -0.0932     -0.54 
    -1.14     -1.67      1.44     -0.54      1.39 

VDV^T:
    -1.97    -0.911     0.289   -0.0909     -1.14 
   -0.911     0.696      -1.8      1.58     -1.67 
    0.289      -1.8      1.56      1.75      1.44 
  -0.0909      1.58      1.75   -0.0932     -0.54 
    -1.14     -1.67      1.44     -0.54      1.39 

VDV^T approx A? yes

V^TV:
        1  2.78e-17         0  2.78e-17  1.39e-16 
 2.78e-17         1 -1.11e-16 -1.11e-16 -8.33e-17 
        0 -1.11e-16         1 -1.39e-16 -1.11e-16 
 2.78e-17 -1.11e-16 -1.39e-16         1 -2.78e-17 
 1.39e-16 -8.33e-17 -1.11e-16 -2.78e-17         1 

V^TV approx I? yes

VV^T:
        1 -2.14e-16  1.78e-17  3.71e-17 -2.53e-16 
-2.14e-16         1  1.67e-16  1.23e-16  1.67e-16 
 1.78e-17  1.67e-16         1  1.11e-16         0 
 3.71e-17  1.23e-16  1.11e-16         1  7.29e-17 
-2.53e-16  1.67e-16         0  7.29e-17         1 

VV^T approx I? yes
