A:
  0.00732     -1.19     -1.61    -0.731     0.757 
    -1.19     -1.09      1.02     -1.45    -0.906 
    -1.61      1.02     0.109     -1.31    -0.163 
   -0.731     -1.45     -1.31      1.31      -1.4 
    0.757    -0.906    -0.163      -1.4      1.98 

V:
     0.49    -0.394    -0.581     0.462     0.235 
    0.667     0.556    -0.174    -0.465     0.026 
    0.254    -0.711     0.278    -0.584     0.114 
    0.464   -0.0626     0.473     0.378    -0.644 
    0.191     0.165     0.576     0.297     0.718 

D:
    -2.84         0         0         0         0 
        0     -1.65         0         0         0 
        0         0     0.265         0         0 
        0         0         0      3.12         0 
        0         0         0         0      3.42 

V^TAV:
    -2.84  5.83e-16 -8.03e-09 -3.39e-11  -1.2e-11 
 5.27e-16     -1.65 -1.91e-10  3.51e-14  2.78e-17 
-8.03e-09 -1.91e-10     0.265  5.55e-15  3.89e-16 
-3.39e-11  3.48e-14  5.44e-15      3.12 -2.22e-16 
 -1.2e-11  1.11e-16  2.22e-16 -3.33e-16      3.42 

V^TAV approx D? yes

A:
  0.00732     -1.19     -1.61    -0.731     0.757 
    -1.19     -1.09      1.02     -1.45    -0.906 
    -1.61      1.02     0.109     -1.31    -0.163 
   -0.731     -1.45     -1.31      1.31      -1.4 
    0.757    -0.906    -0.163      -1.4      1.98 

VDV^T:
  0.00732     -1.19     -1.61    -0.731     0.757 
    -1.19     -1.09      1.02     -1.45    -0.906 
    -1.61      1.02     0.109     -1.31    -0.163 
   -0.731     -1.45     -1.31      1.31      -1.4 
    0.757    -0.906    -0.163      -1.4      1.98 

VDV^T approx A? yes

V^TV:
        1  -1.6e-16         0  8.33e-17         0 
 -1.6e-16         1  1.39e-17  2.29e-16 -6.94e-17 
        0  1.39e-17         1 -5.55e-17 -5.55e-17 
 8.33e-17  2.29e-16 -5.55e-17         1 -2.78e-17 
        0 -6.94e-17 -5.55e-17 -2.78e-17         1 

V^TV approx I? yes

VV^T:
        1 -1.91e-17  1.21e-16 -5.55e-17  1.11e-16 
-1.91e-17         1 -3.21e-17   5.9e-17  4.86e-17 
 1.21e-16 -3.21e-17         1 -2.78e-17         0 
-5.55e-17   5.9e-17 -2.78e-17         1 -2.78e-16 
 1.11e-16  4.86e-17         0 -2.78e-16         1 

VV^T approx I? yes
