A:
   -0.901     -1.91     -0.75    -0.938    -0.996 
    -1.91     -1.92     -1.18       1.2     0.628 
    -0.75     -1.18     -1.77     -1.58     -1.57 
   -0.938       1.2     -1.58      1.97     0.366 
   -0.996     0.628     -1.57     0.366     -1.96 

V:
    0.492    -0.192     0.251      0.75    -0.309 
    0.463    -0.701     0.133    -0.376     0.367 
    0.602     0.242    -0.635    -0.257    -0.331 
    0.107     0.168    -0.413     0.431     0.777 
    0.411      0.62     0.588     -0.21     0.238 

D:
    -4.65         0         0         0         0 
        0     -2.88         0         0         0 
        0         0    -0.802         0         0 
        0         0         0    0.0524         0 
        0         0         0         0      3.69 

V^TAV:
    -4.65 -6.66e-16  1.92e-11  8.25e-13    -4e-15 
-5.55e-16     -2.88 -5.13e-12  3.89e-16  1.11e-16 
 1.92e-11 -5.13e-12    -0.802  5.55e-17 -3.92e-10 
 8.25e-13  4.78e-16  -3.3e-17    0.0524 -3.75e-11 
-3.89e-15  1.11e-16 -3.92e-10 -3.75e-11      3.69 

V^TAV approx D? yes

A:
   -0.901     -1.91     -0.75    -0.938    -0.996 
    -1.91     -1.92     -1.18       1.2     0.628 
    -0.75     -1.18     -1.77     -1.58     -1.57 
   -0.938       1.2     -1.58      1.97     0.366 
   -0.996     0.628     -1.57     0.366     -1.96 

VDV^T:
   -0.901     -1.91     -0.75    -0.938    -0.996 
    -1.91     -1.92     -1.18       1.2     0.628 
    -0.75     -1.18     -1.77     -1.58     -1.57 
   -0.938       1.2     -1.58      1.97     0.366 
   -0.996     0.628     -1.57     0.366     -1.96 

VDV^T approx A? yes

V^TV:
        1 -1.11e-16 -8.33e-17 -2.64e-16 -4.16e-17 
-1.11e-16         1         0 -2.22e-16 -1.39e-16 
-8.33e-17         0         1  1.25e-16  1.39e-16 
-2.64e-16 -2.22e-16  1.25e-16         1 -6.25e-17 
-4.16e-17 -1.39e-16  1.39e-16 -6.25e-17         1 

V^TV approx I? yes

VV^T:
        1  1.94e-16 -1.39e-17 -2.78e-16 -6.94e-17 
 1.94e-16         1 -4.16e-17  2.78e-16  4.16e-17 
-1.39e-17 -4.16e-17         1 -1.67e-16 -5.55e-17 
-2.78e-16  2.78e-16 -1.67e-16         1  5.55e-17 
-6.94e-17  4.16e-17 -5.55e-17  5.55e-17         1 

VV^T approx I? yes
