A:
     1.73     -1.56     -1.61    -0.348    -0.735 
    -1.56     0.667    -0.682     0.839     0.636 
    -1.61    -0.682    -0.195    -0.159    -0.955 
   -0.348     0.839    -0.159     0.307   -0.0037 
   -0.735     0.636    -0.955   -0.0037      1.23 

V:
    0.514 -0.000919    -0.191    -0.367    -0.751 
     0.42     0.575    -0.403    -0.257     0.514 
    0.709    -0.245     0.166     0.626     0.137 
  -0.0252    -0.693    -0.681    -0.108     0.209 
    0.238    -0.358     0.557    -0.629     0.329 

D:
    -2.08         0         0         0         0 
        0    -0.448         0         0         0 
        0         0     0.747         0         0 
        0         0         0      2.01         0 
        0         0         0         0      3.51 

V^TAV:
    -2.08 -2.18e-11  3.89e-16  4.44e-16  1.39e-16 
-2.18e-11    -0.448  1.11e-16  2.36e-16  5.53e-10 
 4.02e-16  1.94e-16     0.747  -1.2e-09  2.48e-13 
 4.44e-16  2.78e-16  -1.2e-09      2.01  2.09e-13 
 5.55e-17  5.53e-10  2.48e-13  2.09e-13      3.51 

V^TAV approx D? yes

A:
     1.73     -1.56     -1.61    -0.348    -0.735 
    -1.56     0.667    -0.682     0.839     0.636 
    -1.61    -0.682    -0.195    -0.159    -0.955 
   -0.348     0.839    -0.159     0.307   -0.0037 
   -0.735     0.636    -0.955   -0.0037      1.23 

VDV^T:
     1.73     -1.56     -1.61    -0.348    -0.735 
    -1.56     0.667    -0.682     0.839     0.636 
    -1.61    -0.682    -0.195    -0.159    -0.955 
   -0.348     0.839    -0.159     0.307   -0.0037 
   -0.735     0.636    -0.955   -0.0037      1.23 

VDV^T approx A? yes

V^TV:
        1 -1.39e-17   2.5e-16  2.78e-17 -2.78e-17 
-1.39e-17         1 -1.94e-16 -5.55e-17  2.08e-16 
  2.5e-16 -1.94e-16         1  1.67e-16 -5.55e-17 
 2.78e-17 -5.55e-17  1.67e-16         1 -8.33e-17 
-2.78e-17  2.08e-16 -5.55e-17 -8.33e-17         1 

V^TV approx I? yes

VV^T:
        1 -2.78e-16 -8.33e-17 -5.55e-17 -2.78e-17 
-2.78e-16         1 -3.61e-16 -1.39e-16 -1.39e-16 
-8.33e-17 -3.61e-16         1 -9.71e-17  2.15e-16 
-5.55e-17 -1.39e-16 -9.71e-17         1  6.94e-17 
-2.78e-17 -1.39e-16  2.15e-16  6.94e-17         1 

VV^T approx I? yes
