A:
   -0.861      1.87      1.99     -1.85      1.16 
     1.87     -0.72      1.07    -0.994     0.792 
     1.99      1.07      1.99    0.0705     0.345 
    -1.85    -0.994    0.0705    -0.548     0.252 
     1.16     0.792     0.345     0.252      1.43 

V:
      0.8    -0.111    -0.269  -0.00978     0.525 
   -0.247     0.831    -0.282    0.0385     0.409 
   -0.244    -0.164     0.558    -0.473     0.615 
    0.462     0.488     0.693    0.0909    -0.244 
    -0.16    -0.177     0.239     0.875     0.346 

D:
    -3.35         0         0         0         0 
        0     -1.93         0         0         0 
        0         0     0.719         0         0 
        0         0         0      1.29         0 
        0         0         0         0      4.56 

V^TAV:
    -3.35 -4.22e-11  4.16e-16         0  -1.2e-08 
-4.22e-11     -1.93  6.11e-16         0 -3.54e-10 
 4.58e-16  5.52e-16     0.719 -8.22e-10 -3.59e-14 
-1.11e-16 -1.39e-16 -8.22e-10      1.29 -9.44e-16 
 -1.2e-08 -3.54e-10 -3.55e-14 -6.66e-16      4.56 

V^TAV approx D? yes

A:
   -0.861      1.87      1.99     -1.85      1.16 
     1.87     -0.72      1.07    -0.994     0.792 
     1.99      1.07      1.99    0.0705     0.345 
    -1.85    -0.994    0.0705    -0.548     0.252 
     1.16     0.792     0.345     0.252      1.43 

VDV^T:
   -0.861      1.87      1.99     -1.85      1.16 
     1.87     -0.72      1.07    -0.994     0.792 
     1.99      1.07      1.99    0.0705     0.345 
    -1.85    -0.994    0.0705    -0.548     0.252 
     1.16     0.792     0.345     0.252      1.43 

VDV^T approx A? yes

V^TV:
        1 -1.28e-16 -2.84e-16         0  2.64e-16 
-1.28e-16         1 -1.18e-16  5.55e-17  2.78e-17 
-2.84e-16 -1.18e-16         1 -2.78e-17         0 
        0  5.55e-17 -2.78e-17         1  5.55e-17 
 2.64e-16  2.78e-17         0  5.55e-17         1 

V^TV approx I? yes

VV^T:
        1  2.78e-17  5.55e-17 -1.11e-16  5.55e-17 
 2.78e-17         1 -5.55e-17  2.36e-16         0 
 5.55e-17 -5.55e-17         1 -1.39e-16         0 
-1.11e-16  2.36e-16 -1.39e-16         1         0 
 5.55e-17         0         0         0         1 

VV^T approx I? yes
