A:
   0.0347    -0.688     0.745    -0.396     0.153 
   -0.688     -1.23       1.5     -0.12   -0.0746 
    0.745       1.5      1.33      1.37    -0.807 
   -0.396     -0.12      1.37     -1.08     -1.84 
    0.153   -0.0746    -0.807     -1.84     0.272 

V:
     0.29     0.239     0.713     0.591   -0.0438 
    0.515     0.602    -0.544     0.143    -0.237 
   -0.389    -0.242    -0.195     0.469     -0.73 
    0.652    -0.511     0.151    -0.327    -0.428 
    0.274     -0.51    -0.368     0.551     0.475 

D:
    -2.94         0         0         0         0 
        0     -1.94         0         0         0 
        0         0     0.193         0         0 
        0         0         0     0.821         0 
        0         0         0         0      3.19 

V^TAV:
    -2.94  4.31e-10 -1.33e-15 -1.67e-16  1.67e-16 
 4.31e-10     -1.94  1.61e-15         0  5.11e-09 
-1.38e-15  1.63e-15     0.193  6.94e-17  7.22e-13 
-1.67e-16 -1.11e-16 -2.78e-17     0.821 -1.73e-14 
 2.22e-16  5.11e-09  7.22e-13 -1.73e-14      3.19 

V^TAV approx D? yes

A:
   0.0347    -0.688     0.745    -0.396     0.153 
   -0.688     -1.23       1.5     -0.12   -0.0746 
    0.745       1.5      1.33      1.37    -0.807 
   -0.396     -0.12      1.37     -1.08     -1.84 
    0.153   -0.0746    -0.807     -1.84     0.272 

VDV^T:
   0.0347    -0.688     0.745    -0.396     0.153 
   -0.688     -1.23       1.5     -0.12   -0.0746 
    0.745       1.5      1.33      1.37    -0.807 
   -0.396     -0.12      1.37     -1.08     -1.84 
    0.153   -0.0746    -0.807     -1.84     0.272 

VDV^T approx A? yes

V^TV:
        1  1.39e-16 -1.53e-16  8.33e-17  1.39e-16 
 1.39e-16         1  2.22e-16 -1.11e-16 -1.39e-16 
-1.53e-16  2.22e-16         1  2.78e-16 -2.78e-17 
 8.33e-17 -1.11e-16  2.78e-16         1 -5.55e-17 
 1.39e-16 -1.39e-16 -2.78e-17 -5.55e-17         1 

V^TV approx I? yes

VV^T:
        1  1.67e-16  4.16e-17  -5.9e-17  6.59e-17 
 1.67e-16         1 -1.94e-16  4.16e-16  1.39e-17 
 4.16e-17 -1.94e-16         1 -5.55e-17 -2.78e-16 
 -5.9e-17  4.16e-16 -5.55e-17         1  2.78e-17 
 6.59e-17  1.39e-17 -2.78e-16  2.78e-17         1 

VV^T approx I? yes
