A:
   -0.428    -0.893    0.0453    -0.734     -1.68 
   -0.893   -0.0338      1.58    0.0729     0.553 
   0.0453      1.58    -0.721     -1.61     0.857 
   -0.734    0.0729     -1.61     0.581       1.8 
    -1.68     0.553     0.857       1.8      1.92 

V:
    0.232    -0.842    -0.267    0.0802      -0.4 
    0.396    -0.257      0.67    -0.531     0.216 
   -0.705    -0.218    -0.193    -0.644    0.0497 
   -0.437    -0.407     0.381     0.538     0.457 
    0.317     -0.11    -0.545    -0.088     0.763 

D:
    -3.01         0         0         0         0 
        0     -1.26         0         0         0 
        0         0    -0.542         0         0 
        0         0         0      2.04         0 
        0         0         0         0      4.09 

V^TAV:
    -3.01  2.14e-14 -2.22e-16 -6.25e-16  1.71e-09 
 2.15e-14     -1.26  9.71e-17 -2.18e-11 -1.04e-13 
-4.02e-16   1.8e-16    -0.542  8.28e-13 -1.08e-15 
-4.79e-16 -2.18e-11  8.29e-13      2.04  7.22e-16 
 1.71e-09 -1.04e-13 -1.11e-15  9.44e-16      4.09 

V^TAV approx D? yes

A:
   -0.428    -0.893    0.0453    -0.734     -1.68 
   -0.893   -0.0338      1.58    0.0729     0.553 
   0.0453      1.58    -0.721     -1.61     0.857 
   -0.734    0.0729     -1.61     0.581       1.8 
    -1.68     0.553     0.857       1.8      1.92 

VDV^T:
   -0.428    -0.893    0.0453    -0.734     -1.68 
   -0.893   -0.0338      1.58    0.0729     0.553 
   0.0453      1.58    -0.721     -1.61     0.857 
   -0.734    0.0729     -1.61     0.581       1.8 
    -1.68     0.553     0.857       1.8      1.92 

VDV^T approx A? yes

V^TV:
        1 -1.39e-16 -5.55e-17 -2.26e-16  1.39e-16 
-1.39e-16         1  1.39e-17 -9.54e-17 -9.71e-17 
-5.55e-17  1.39e-17         1  2.84e-16 -1.11e-16 
-2.26e-16 -9.54e-17  2.84e-16         1  1.53e-16 
 1.39e-16 -9.71e-17 -1.11e-16  1.53e-16         1 

V^TV approx I? yes

VV^T:
        1  2.36e-16  6.94e-18  2.78e-17         0 
 2.36e-16         1  1.93e-16 -2.91e-16  3.05e-16 
 6.94e-18  1.93e-16         1 -2.81e-16  1.39e-17 
 2.78e-17 -2.91e-16 -2.81e-16         1  5.55e-17 
        0  3.05e-16  1.39e-17  5.55e-17         1 

VV^T approx I? yes
