A:
   -0.067      -1.7       1.7    -0.723     -1.99 
     -1.7      1.75      1.17     -1.21    -0.453 
      1.7      1.17     -1.51    -0.342      1.45 
   -0.723     -1.21    -0.342     0.371     0.239 
    -1.99    -0.453      1.45     0.239     -1.51 

V:
    0.526    -0.277    -0.123    -0.685    -0.403 
    0.279    -0.408    0.0885    -0.139     0.854 
   -0.569    -0.181     -0.73    -0.307     0.125 
    0.072    -0.764    -0.149     0.557    -0.282 
    0.562     0.376    -0.649     0.328     0.116 

D:
    -5.04         0         0         0         0 
        0    -0.738         0         0         0 
        0         0    -0.139         0         0 
        0         0         0      1.89         0 
        0         0         0         0      3.07 

V^TAV:
    -5.04 -8.42e-13  2.22e-16 -1.11e-16  5.75e-09 
-8.42e-13    -0.738  3.33e-16  3.02e-09  8.65e-11 
 6.25e-17  3.26e-16    -0.139  -1.2e-10  8.48e-16 
        0  3.02e-09  -1.2e-10      1.89         0 
 5.75e-09  8.65e-11  8.05e-16  1.39e-16      3.07 

V^TAV approx D? yes

A:
   -0.067      -1.7       1.7    -0.723     -1.99 
     -1.7      1.75      1.17     -1.21    -0.453 
      1.7      1.17     -1.51    -0.342      1.45 
   -0.723     -1.21    -0.342     0.371     0.239 
    -1.99    -0.453      1.45     0.239     -1.51 

VDV^T:
   -0.067      -1.7       1.7    -0.723     -1.99 
     -1.7      1.75      1.17     -1.21    -0.453 
      1.7      1.17     -1.51    -0.342      1.45 
   -0.723     -1.21    -0.342     0.371     0.239 
    -1.99    -0.453      1.45     0.239     -1.51 

VDV^T approx A? yes

V^TV:
        1  3.33e-16 -2.78e-16   2.5e-16  4.16e-17 
 3.33e-16         1  -2.5e-16 -9.71e-17 -2.43e-16 
-2.78e-16  -2.5e-16         1 -1.11e-16         0 
  2.5e-16 -9.71e-17 -1.11e-16         1 -1.39e-17 
 4.16e-17 -2.43e-16         0 -1.39e-17         1 

V^TV approx I? yes

VV^T:
        1 -5.55e-17 -2.71e-16 -2.08e-16  4.86e-16 
-5.55e-17         1 -1.53e-16         0  1.11e-16 
-2.71e-16 -1.53e-16         1 -6.25e-17 -1.49e-16 
-2.08e-16         0 -6.25e-17         1   1.6e-16 
 4.86e-16  1.11e-16 -1.49e-16   1.6e-16         1 

VV^T approx I? yes
