A:
    0.725     0.906       1.1    0.0582      1.57 
    0.906      1.77      -1.5    -0.888     0.647 
      1.1      -1.5     0.224       1.6     0.105 
   0.0582    -0.888       1.6    -0.044     -1.25 
     1.57     0.647     0.105     -1.25     -1.78 

V:
    0.311    -0.479     0.136     0.794      0.16 
   0.0189     0.298    -0.612     0.132      0.72 
     0.14     0.725   -0.0766     0.488    -0.459 
   -0.427     -0.37    -0.681      0.15    -0.442 
   -0.838     0.139      0.37     0.303     0.224 

D:
    -3.03         0         0         0         0 
        0     -1.91         0         0         0 
        0         0   0.00602         0         0 
        0         0         0      2.16         0 
        0         0         0         0      3.67 

V^TAV:
    -3.03  -3.2e-09 -9.04e-14  3.55e-15         0 
 -3.2e-09     -1.91 -2.53e-13  9.71e-17  1.67e-16 
-9.03e-14 -2.53e-13   0.00602 -6.47e-17 -1.37e-10 
 3.66e-15  1.25e-16  -2.5e-16      2.16 -1.83e-11 
        0 -3.75e-16 -1.37e-10 -1.83e-11      3.67 

V^TAV approx D? yes

A:
    0.725     0.906       1.1    0.0582      1.57 
    0.906      1.77      -1.5    -0.888     0.647 
      1.1      -1.5     0.224       1.6     0.105 
   0.0582    -0.888       1.6    -0.044     -1.25 
     1.57     0.647     0.105     -1.25     -1.78 

VDV^T:
    0.725     0.906       1.1    0.0582      1.57 
    0.906      1.77      -1.5    -0.888     0.647 
      1.1      -1.5     0.224       1.6     0.105 
   0.0582    -0.888       1.6    -0.044     -1.25 
     1.57     0.647     0.105     -1.25     -1.78 

VDV^T approx A? yes

V^TV:
        1 -2.78e-17 -1.11e-16         0 -8.33e-17 
-2.78e-17         1 -4.16e-17 -3.47e-17 -1.46e-16 
-1.11e-16 -4.16e-17         1 -9.71e-17 -2.78e-17 
        0 -3.47e-17 -9.71e-17         1 -1.94e-16 
-8.33e-17 -1.46e-16 -2.78e-17 -1.94e-16         1 

V^TV approx I? yes

VV^T:
        1  4.16e-17   2.5e-16  2.78e-16  1.67e-16 
 4.16e-17         1         0 -5.55e-17         0 
  2.5e-16         0         1  1.94e-16  8.33e-17 
 2.78e-16 -5.55e-17  1.94e-16         1  2.78e-17 
 1.67e-16         0  8.33e-17  2.78e-17         1 

VV^T approx I? yes
