A:
    -1.85    -0.401     0.307     -1.18     0.403 
   -0.401     0.809      1.19       1.4     0.147 
    0.307      1.19     -1.03     0.406      0.36 
    -1.18       1.4     0.406     -0.28     -1.69 
    0.403     0.147      0.36     -1.69     0.855 

V:
    0.729     0.269      0.58    0.0693     0.234 
  -0.0678     0.558   -0.0357     0.634     -0.53 
   -0.268    -0.592      0.63     0.393    -0.162 
    0.585    -0.439    -0.272   -0.0836     -0.62 
    0.223    -0.269    -0.438     0.657     0.505 

D:
    -2.75         0         0         0         0 
        0     -1.82         0         0         0 
        0         0     -1.24         0         0 
        0         0         0      1.47         0 
        0         0         0         0      2.85 

V^TAV:
    -2.75  1.13e-11 -7.22e-16         0 -1.11e-16 
 1.13e-11     -1.82 -6.11e-16 -7.93e-09 -2.08e-11 
-6.38e-16 -6.66e-16     -1.24  1.08e-10   4.1e-13 
 5.55e-17 -7.93e-09  1.08e-10      1.47 -5.11e-15 
 1.11e-16 -2.08e-11   4.1e-13 -5.22e-15      2.85 

V^TAV approx D? yes

A:
    -1.85    -0.401     0.307     -1.18     0.403 
   -0.401     0.809      1.19       1.4     0.147 
    0.307      1.19     -1.03     0.406      0.36 
    -1.18       1.4     0.406     -0.28     -1.69 
    0.403     0.147      0.36     -1.69     0.855 

VDV^T:
    -1.85    -0.401     0.307     -1.18     0.403 
   -0.401     0.809      1.19       1.4     0.147 
    0.307      1.19     -1.03     0.406      0.36 
    -1.18       1.4     0.406     -0.28     -1.69 
    0.403     0.147      0.36     -1.69     0.855 

VDV^T approx A? yes

V^TV:
        1  7.63e-17  1.67e-16         0  -1.8e-16 
 7.63e-17         1  1.25e-16 -5.55e-17  1.39e-16 
 1.67e-16  1.25e-16         1  5.55e-17 -8.33e-17 
        0 -5.55e-17  5.55e-17         1  2.22e-16 
 -1.8e-16  1.39e-16 -8.33e-17  2.22e-16         1 

V^TV approx I? yes

VV^T:
        1  2.78e-17  1.25e-16 -1.39e-16 -1.11e-16 
 2.78e-17         1  5.55e-17  2.22e-16 -2.78e-16 
 1.25e-16  5.55e-17         1  5.55e-17  -1.8e-16 
-1.39e-16  2.22e-16  5.55e-17         1 -2.78e-16 
-1.11e-16 -2.78e-16  -1.8e-16 -2.78e-16         1 

VV^T approx I? yes
