sqrt(2) = 1.41421
fifth root of 2 = 1.1487
e^pi = 23.1407
pi^e = 22.4592
fgamma(1) = 1
fgamma(2) = 1
fgamma(3) = 2
fgamma(4) = 6
fgamma(5) = 24
fgamma(6) = 120
fgamma(7) = 720
fgamma(8) = 5040
fgamma(9) = 40320
fgamma(10) = 362880
lngamma(1) = -1.09351e-08
lngamma(2) = -1.09351e-08
lngamma(3) = 0.693147
lngamma(4) = 1.79176
lngamma(5) = 3.17805
lngamma(6) = 4.78749
lngamma(7) = 6.57925
lngamma(8) = 8.52516
lngamma(9) = 10.6046
lngamma(10) = 12.8018
